venian:17477296300586242908:2468.246813
veninss:9575767994157841057:1.999320
veniii:7945136601443796329:2466.244000
veniiii:10308327322511375984:-1108.72
