venelandreee:15752020085600472555:23.000000
emigess:15752038777298152142:1111.000000
