venelandreL:15752020085600472555:0
emiges:nzPass!E:340.000000
emigess:nzPass!E:456.000000
venelandree:15752020085600472555:T
venelandreee:15752020085600472555:100.000000
