venelandreee:15752020085600472555:1023.000000
emigess:15752038777298152142:1342.000000
venelandre:15752020085600472555:1546.400000
gergfe:14368852213160882731:0
veni:8949278502089970884:-287.877000
