venelandreee:15752020085600472555:1023.000000
emigess:15752038777298152142:1342.000000
